OpenGL Simulation Collision Results
Collision #1
X: 0.000501609 Y: 0 Z:307.107
Plane: 4
Time: 13:23:34

Collision #2
X: 0.000445163 Y: 0 Z:142.661
Plane: 0
Time: 13:23:38

